{
  "run_id": "20260317_070246",
  "doc_ids": [
    "doc_001",
    "doc_002",
    "doc_003",
    "doc_004",
    "doc_005",
    "doc_006",
    "doc_007",
    "doc_008"
  ],
  "doc_titles": [
    "Neural Network Basics Essay",
    "Intro To Neural Networks",
    "Photosynthesis Overview",
    "Plant Energy Conversion Notes",
    "Roman Empire Timeline",
    "Bread Baking Process",
    "Classical Mechanics Summary",
    "Newtonian Motion Notes"
  ],
  "similarity_matrix": [
    [
      1.0,
      0.16373999416828156,
      0.0,
      0.021573999896645546,
      0.0,
      0.018796000629663467,
      0.016975000500679016,
      0.0
    ],
    [
      0.16373999416828156,
      1.0,
      0.01395499985665083,
      0.008693000301718712,
      0.016130000352859497,
      0.007573000155389309,
      0.03049900010228157,
      0.02616499923169613
    ],
    [
      0.0,
      0.01395499985665083,
      1.0,
      0.27643099427223206,
      0.025231000036001205,
      0.04794599860906601,
      0.029413999989628792,
      0.012672999873757362
    ],
    [
      0.021573999896645546,
      0.008693000301718712,
      0.27643099427223206,
      1.0,
      0.02950499951839447,
      0.03893499821424484,
      0.007428999990224838,
      0.014820000156760216
    ],
    [
      0.0,
      0.016130000352859497,
      0.025231000036001205,
      0.02950499951839447,
      1.0,
      0.048441000282764435,
      0.013786000199615955,
      0.027499999850988388
    ],
    [
      0.018796000629663467,
      0.007573000155389309,
      0.04794599860906601,
      0.03893499821424484,
      0.048441000282764435,
      1.0,
      0.019418999552726746,
      0.024330999702215195
    ],
    [
      0.016975000500679016,
      0.03049900010228157,
      0.029413999989628792,
      0.007428999990224838,
      0.013786000199615955,
      0.019418999552726746,
      1.0,
      0.12378499656915665
    ],
    [
      0.0,
      0.02616499923169613,
      0.012672999873757362,
      0.014820000156760216,
      0.027499999850988388,
      0.024330999702215195,
      0.12378499656915665,
      1.0
    ]
  ]
}